1.000000000000000000e+00,9.517406132787740169e-01,8.919177616491366090e-01,9.120255488301087787e-01,8.503363210643688497e-01,8.415323739209518150e-01,7.873354345728115211e-01,7.200160446422658733e-01,7.437749088969265454e-01,7.527851873224642443e-01,8.053560808489848011e-01,8.381333021986221432e-01,8.861803741419610470e-01,8.648701852825277925e-01,7.871511332938704308e-01,8.346794697892686576e-01,7.144308657276081664e-01,7.017175812150489023e-01,7.397513377144055990e-01,7.657754659873725611e-01,8.153139512624748564e-01,7.860030369722796895e-01,7.228212490808152424e-01,7.401673984867389589e-01,6.767437360712367234e-01,6.688380078760374214e-01,6.810072262367938833e-01,6.843730445864713019e-01,6.331868014963761837e-01,5.847619872598677215e-01,6.189478829259893455e-01,6.819014039984055975e-01,6.245513052139878285e-01,5.945168035805391549e-01,5.727385995830909238e-01,5.391493544233552093e-01,5.157381691544412616e-01,5.205569992846611482e-01,5.019061915742349944e-01,4.721243071114296086e-01,4.649018553755764893e-01,4.320534385847325520e-01,3.817940236044928826e-01,3.487333448683633819e-01,3.478204298020958207e-01,3.239688879385501652e-01,3.141910719042458888e-01,3.082411768112766071e-01,2.705177258141699959e-01,2.628274161902923733e-01,2.167514084113506545e-01,2.376708329406241882e-01,1.946017649878447608e-01,1.556222171882938321e-01,1.409973926069644223e-01,4.489667951771397769e-01,5.141637576149964417e-01,5.375261310293490968e-01,5.730771953958843090e-01,5.833272204659498694e-01,5.199491718235799143e-01,4.730139637857448953e-01,4.856454027204045731e-01,4.224818049076931592e-01,4.175247760120603946e-01,4.295442334716628174e-01,4.411151719145297578e-01,4.420312267065104050e-01,4.029221793509010219e-01,3.653085353341792851e-01,3.648288860811192968e-01,2.909516152932147826e-01,3.003688193649992622e-01,2.433887141900906714e-01,2.349724542896026724e-01,5.715853055867765597e-01,9.437392886793996016e-01
9.517406132787740169e-01,1.000000000000000000e+00,8.891910220768073358e-01,9.355056543201168973e-01,8.700169105693342786e-01,8.457830430182919912e-01,7.924754712488832897e-01,7.224891528730644774e-01,7.875826768174885029e-01,8.001881243524481269e-01,8.535999998860770432e-01,8.853234757562402635e-01,9.332831130114274121e-01,9.069450410391411976e-01,8.332370673395835814e-01,8.736599174604902096e-01,7.620681879428893302e-01,7.475922932064706927e-01,7.822358083219922431e-01,8.021424596125394935e-01,8.468998640328478933e-01,8.113303946836275538e-01,7.528831614990525445e-01,7.570058040319507242e-01,7.131100259124738550e-01,6.992378009074611267e-01,7.060173988467755013e-01,6.958375004476936576e-01,6.597257431087120150e-01,6.099307312996673502e-01,6.348820190643480466e-01,6.858480469293115611e-01,6.293952980295134392e-01,6.036422074818439398e-01,5.792652029863147867e-01,5.435129968579579529e-01,5.262906940589322513e-01,5.283833433308124938e-01,5.062914809624453616e-01,4.810524818917002454e-01,4.696189609827279288e-01,4.381865116965557583e-01,3.858528834392979112e-01,3.594718924455163611e-01,3.545651372711413618e-01,3.265511415059964007e-01,3.228694526976293444e-01,3.139956751306144378e-01,2.830133371082642624e-01,2.724802698547533764e-01,2.238483951029310859e-01,2.402758129291948652e-01,2.090408644642277602e-01,1.669957272667041970e-01,1.462037497636883288e-01,4.789429941051007722e-01,5.404335291238904215e-01,5.595255911926566572e-01,5.909101442019135675e-01,5.957838141872293658e-01,5.351303534870537337e-01,4.984212520112060174e-01,5.069949037509133838e-01,4.530636550685389619e-01,4.427045076827218484e-01,4.505763565026972284e-01,4.579824438860099489e-01,4.552950418662645715e-01,4.128315194730074467e-01,3.877346883244469078e-01,3.806509166483423856e-01,3.092982294167820889e-01,3.156323241765826015e-01,2.657981647966980443e-01,2.527448847730182635e-01,6.182498236447966367e-01,9.331130810576171442e-01
8.919177616491366090e-01,8.891910220768073358e-01,1.000000000000000000e+00,9.387090537977014204e-01,9.339515751379383612e-01,9.486754620890477385e-01,8.951018601632247940e-01,8.280233852909519854e-01,7.005427575716307587e-01,7.299351362650925434e-01,7.914464535879036644e-01,8.044520342972025784e-01,8.712627842125373334e-01,8.822566805987003269e-01,8.058178354186834591e-01,8.741242544702618744e-01,7.276029481708561342e-01,7.312214643337027198e-01,7.833211612219868059e-01,8.275181782197393865e-01,8.816074698033311563e-01,8.713543075478012989e-01,8.044137099641877064e-01,8.412932695856421006e-01,7.461432321446508364e-01,7.526459858360803334e-01,7.737910020453713233e-01,7.906646639357582940e-01,7.250597705677739313e-01,6.796895152180745248e-01,7.230811393193962155e-01,7.899769698057974576e-01,7.326332179000389910e-01,7.021015684329214857e-01,6.807754641276475560e-01,6.471910185881744049e-01,6.230902618231322077e-01,6.284918655638043195e-01,6.099364417655650517e-01,5.799249625698366106e-01,5.729453583521335602e-01,5.401351205625561924e-01,4.897515763074428152e-01,4.562454363684600445e-01,4.558960000362430875e-01,4.316641582068401206e-01,4.221210391631049497e-01,4.163132892108147853e-01,3.775758603338134067e-01,3.706276734366443781e-01,3.248256000329938775e-01,3.453385804716166962e-01,3.009749974747800705e-01,2.630981522519488802e-01,2.490211997766433871e-01,5.384327578445164963e-01,6.085906343779929895e-01,6.369895884346654658e-01,6.761548594026924874e-01,6.897606161660985169e-01,6.252250486721901979e-01,5.690577173147542966e-01,5.862357763300491964e-01,5.111955525591275196e-01,5.143242185855236848e-01,5.307993937360684367e-01,5.456517673359959630e-01,5.485409154417650868e-01,5.105854359454976565e-01,4.655313393230425811e-01,4.702344651581392698e-01,3.949290169840279363e-01,4.062053483698628842e-01,3.441017052249825126e-01,3.394619103023199802e-01,5.502528447489636321e-01,9.481495156301390503e-01
9.120255488301087787e-01,9.355056543201168973e-01,9.387090537977014204e-01,1.000000000000000000e+00,9.343285036005403166e-01,9.063594898260476374e-01,8.549133216244299005e-01,7.846314110737108161e-01,7.617843060057916116e-01,7.895605714388930219e-01,8.505376206165695674e-01,8.657166273771944587e-01,9.324695843722576871e-01,9.370348737835394459e-01,8.556479488901663766e-01,9.164561983303750603e-01,7.776758888629400346e-01,7.742794532576537936e-01,8.197232488111982907e-01,8.520820829217221615e-01,9.030993215103368943e-01,8.729430948232299592e-01,8.107484811594867224e-01,8.213291459639004977e-01,7.636314319590000732e-01,7.567577675485354094e-01,7.674582191655152652e-01,7.602698837154970857e-01,7.201655746357522592e-01,6.711192550366384957e-01,6.991712830599492445e-01,7.487797781677906217e-01,6.928127831750663379e-01,6.679393305883063459e-01,6.431814928591219616e-01,6.069966597467402192e-01,5.907483458038997881e-01,5.925770680618400732e-01,5.698400795074143321e-01,5.454063176575205674e-01,5.332935404501927268e-01,5.021794641425151307e-01,4.494589572690367296e-01,4.239586642832621211e-01,4.187083185249486084e-01,3.898353142258732529e-01,3.872501212515380153e-01,3.779978759672999455e-01,3.474814852310190716e-01,3.369352336211913768e-01,2.880862180013467055e-01,3.036320003430370562e-01,2.733506490603813122e-01,2.314881033756850393e-01,2.101770808176729455e-01,5.367225893533726921e-01,6.009047853873055178e-01,6.221568420915003506e-01,6.548368164366911159e-01,6.602780779876643580e-01,5.994477496762096180e-01,5.593638417166737486e-01,5.698238732287832509e-01,5.103235910001755471e-01,5.037338943084319620e-01,5.134766831509203211e-01,5.220076485102645991e-01,5.197477732884446811e-01,4.772799537855103580e-01,4.500567675458808647e-01,4.448200466336732495e-01,3.729345778043461346e-01,3.798624144645262879e-01,3.280689036850276130e-01,3.164994001281716818e-01,6.083480534681927621e-01,9.487355552738100384e-01
8.503363210643688497e-01,8.700169105693342786e-01,9.339515751379383612e-01,9.343285036005403166e-01,1.000000000000000000e+00,9.484139894869529908e-01,9.111988762497462702e-01,8.425073644246023896e-01,7.275987940156383171e-01,7.666605801943002785e-01,8.274402711409591937e-01,8.270627160434940173e-01,8.887464276041177058e-01,9.171598976973704964e-01,8.574543764988673544e-01,9.267132848020023239e-01,7.818105734149315422e-01,7.912952679461374705e-01,8.460687846969570103e-01,8.931067036490194511e-01,9.464764285515334663e-01,9.341478535545804096e-01,8.679044667189880213e-01,8.869776756192440104e-01,8.118917346221947717e-01,8.147698196903432333e-01,8.304698232382194956e-01,8.248551027911310563e-01,7.823140244861415127e-01,7.343469313984354319e-01,7.648290179128226507e-01,8.090446349428455086e-01,7.546049308759776864e-01,7.321189496053142065e-01,7.063306681289146516e-01,6.692297177252028995e-01,6.556301788242744344e-01,6.565338309429635810e-01,6.322936660427795896e-01,6.098865085762072979e-01,5.960779958069823969e-01,5.657132127280523060e-01,5.122026765483480570e-01,4.890780986777385486e-01,4.826618147585569618e-01,4.520110054904135088e-01,4.518818073936411439e-01,4.416404104597879687e-01,4.129415779719464163e-01,4.018672740350673900e-01,3.523291661414778009e-01,3.660172111604260703e-01,3.389957475363341022e-01,2.968161134716308380e-01,2.738277436618478111e-01,5.968488025490116256e-01,6.636106374070631642e-01,6.868825337690754873e-01,7.204478365988866706e-01,7.255078725513317561e-01,6.650923569804761959e-01,6.226324808129428678e-01,6.347582683209898047e-01,5.700012474695358433e-01,5.671749734253392905e-01,5.784982431426757277e-01,5.876597743228456627e-01,5.852448483813668112e-01,5.421531581378431497e-01,5.146673883794772308e-01,5.104915423499418736e-01,4.384490002266410169e-01,4.455295829745609115e-01,3.926973438454549603e-01,3.820704916711862298e-01,5.945640638638161057e-01,9.002460996015461125e-01
8.415323739209518150e-01,8.457830430182919912e-01,9.486754620890477385e-01,9.063594898260476374e-01,9.484139894869529908e-01,1.000000000000000000e+00,9.456655881262514551e-01,8.765314066013973893e-01,6.792199380328226566e-01,7.161304393323637552e-01,7.773729337468271439e-01,7.808981338634544134e-01,8.459412667929642193e-01,8.688674702942420502e-01,8.059459161555229123e-01,8.751314863161739899e-01,7.309072452362999073e-01,7.426869247845184763e-01,7.991204178550403991e-01,8.504242867373369430e-01,8.994019706885683085e-01,9.066774955339038655e-01,8.422279623794288739e-01,8.905727776904147630e-01,7.790279850098992265e-01,7.936795345138104585e-01,8.194831227188827949e-01,8.419869129825332532e-01,7.710038933367324709e-01,7.275071278069263903e-01,7.741687877814963370e-01,8.392666713259044897e-01,7.822128369253328328e-01,7.529770559557631415e-01,7.308959839878248488e-01,6.964445080859642534e-01,6.741144995640618864e-01,6.789269656019185639e-01,6.591646163304227812e-01,6.305799132890106407e-01,6.222772155854050524e-01,5.899550010121628052e-01,5.387737993274053228e-01,5.071625046979620910e-01,5.058522780669301167e-01,4.800463840771569402e-01,4.725892150297938965e-01,4.659270953222668377e-01,4.287065411195091214e-01,4.212886677333979035e-01,3.748204400964377792e-01,3.937182043098872430e-01,3.522524636114369168e-01,3.140323759820551341e-01,2.983866408993490760e-01,5.846280832320942533e-01,6.565657259001357327e-01,6.868201853157458459e-01,7.270430507903935524e-01,7.410583490289650577e-01,6.765287016065761883e-01,6.178124269115976563e-01,6.365379879870455282e-01,5.571868686114298530e-01,5.634859265992766542e-01,5.813593497377753661e-01,5.968950665500456498e-01,5.998133041112212460e-01,5.613870813399610693e-01,5.158624644198003262e-01,5.215548775268207260e-01,4.461262574549417215e-01,4.575267305019035113e-01,3.946452518990264391e-01,3.907270525435433406e-01,5.429905196002317025e-01,8.976730740220484339e-01
7.873354345728115211e-01,7.924754712488832897e-01,8.951018601632247940e-01,8.549133216244299005e-01,9.111988762497462702e-01,9.456655881262514551e-01,1.000000000000000000e+00,9.297135840552764874e-01,6.402383882095369350e-01,6.822364632604270840e-01,7.415700227213413154e-01,7.383986476387296438e-01,8.002867612690146570e-01,8.287622322520320495e-01,7.803593438098377355e-01,8.445463476802672620e-01,7.115788283531847558e-01,7.311751049956083381e-01,7.894591652166274010e-01,8.446719046395513297e-01,8.801850766436594142e-01,9.087122242054840315e-01,8.590398977468302055e-01,9.292934740129679128e-01,7.923473910175492518e-01,8.194784400186649886e-01,8.533232426467540765e-01,8.941745327489746265e-01,8.071729373764197080e-01,7.686122841511321413e-01,8.242971286389260133e-01,8.933132626572869439e-01,8.364562255635589194e-01,8.069989357857105805e-01,7.852299638851202301e-01,7.506274635519620819e-01,7.279501008972347753e-01,7.332102720404271023e-01,7.133534879146821162e-01,6.847683414098932886e-01,6.765068046814283198e-01,6.442802582637223718e-01,5.929282750296869242e-01,5.611427555095065411e-01,5.601864514610531698e-01,5.339725167811222306e-01,5.268518951049367960e-01,5.202330206498249066e-01,4.823716808312437099e-01,4.754663589687860847e-01,4.291545798962788094e-01,4.476653065338200843e-01,4.054551906447159126e-01,3.679950413079439153e-01,3.526566455587860638e-01,6.238719690258098804e-01,6.987926409257366744e-01,7.331969326033348500e-01,7.765300209014158739e-01,7.939597100886464087e-01,7.284909049306065310e-01,6.620013240539057708e-01,6.844741845609989550e-01,5.962348379673680920e-01,6.088375240716027426e-01,6.302234811503418799e-01,6.484358811734288741e-01,6.529899784782302596e-01,6.154745454817407424e-01,5.642134230868249833e-01,5.739333801393882162e-01,4.975257925422306160e-01,5.102921046710484632e-01,4.437640844626845604e-01,4.425701263014646392e-01,5.174274581457194433e-01,8.435583554976748832e-01
7.200160446422658733e-01,7.224891528730644774e-01,8.280233852909519854e-01,7.846314110737108161e-01,8.425073644246023896e-01,8.765314066013973893e-01,9.297135840552764874e-01,1.000000000000000000e+00,5.756425224609160729e-01,6.206560062697230595e-01,6.779798234817506764e-01,6.711252605890055678e-01,7.312560718775940050e-01,7.615443028383225288e-01,7.226370225781868495e-01,7.813962427111241782e-01,6.607376340288790839e-01,6.866833934292067010e-01,7.439966530916873877e-01,7.984807961141532351e-01,8.209691777684164915e-01,8.591438223354294079e-01,8.340078735490767947e-01,9.149956053063408312e-01,7.709171618036724238e-01,8.123879916260200451e-01,8.545629212573842004e-01,9.364461430824791988e-01,8.190380181628806877e-01,7.935859746812208293e-01,8.682875344007302543e-01,9.614141037226656694e-01,9.041316994452560651e-01,8.690132798121166235e-01,8.515336809633718973e-01,8.191236638339730591e-01,7.900515332295678927e-01,7.986507698160441038e-01,7.818891929707315613e-01,7.495138175585687179e-01,7.448776953423184022e-01,7.117537291213881234e-01,6.617244486049027596e-01,6.250229583563120528e-01,6.274253604123802841e-01,6.033931243532253408e-01,5.927425540951396510e-01,5.881603257185711309e-01,5.449918375627478273e-01,5.407406611853209366e-01,4.963780973830058674e-01,5.170571938073600382e-01,4.665189945392870241e-01,4.321820103411251335e-01,4.209808354170755385e-01,6.509806711708974181e-01,7.295430678546945824e-01,7.718801090664043629e-01,8.215450939545017039e-01,8.501775320829708660e-01,7.828930089125660796e-01,6.980191107355840918e-01,7.284960937236617529e-01,6.236077691264800826e-01,6.485042143750836541e-01,6.776153117039531715e-01,7.028144026142422174e-01,7.128208101284404519e-01,6.797985212910857555e-01,6.112558393516256405e-01,6.315852798554030256e-01,5.527819592710987440e-01,5.695374816720016886e-01,4.936215598045228248e-01,4.993258569272711611e-01,4.641204873709406931e-01,7.761838066504459510e-01
7.437749088969265454e-01,7.875826768174885029e-01,7.005427575716307587e-01,7.617843060057916116e-01,7.275987940156383171e-01,6.792199380328226566e-01,6.402383882095369350e-01,5.756425224609160729e-01,1.000000000000000000e+00,9.434870148837031234e-01,8.974007764466932491e-01,8.960534090843053079e-01,8.292794594601805569e-01,8.101446460116841219e-01,8.431766179314154064e-01,7.942361786280974778e-01,8.532262481715665592e-01,8.106131791158537325e-01,7.894192549913363610e-01,7.559400406774399173e-01,7.536576815217999048e-01,7.114902035931527369e-01,6.940070650177669886e-01,6.449725038159974666e-01,7.018091612247262523e-01,6.572753955714017993e-01,6.369024047856286508e-01,5.785059612574714460e-01,6.072030861726692708e-01,5.592774418051806862e-01,5.419669832101259299e-01,5.476794094481732822e-01,5.001273393499430231e-01,4.905152613913187354e-01,4.599718515050450485e-01,4.202056979425572436e-01,4.251931468117717827e-01,4.175921989780685406e-01,3.856452265913540289e-01,3.775162884138182351e-01,3.523444207861573529e-01,3.275069598682547323e-01,2.707356648842605962e-01,2.696959710775130858e-01,2.502333665933359486e-01,2.089187073045821741e-01,2.270095556024503969e-01,2.078448276457297572e-01,2.036379497246970649e-01,1.823822853397654153e-01,1.258563589677442751e-01,1.256800289358831479e-01,1.405621998193594679e-01,8.737225367011891564e-02,4.356476050948976386e-02,4.687659639297030445e-01,5.042010585029321756e-01,5.009166942375049558e-01,5.109719001396682003e-01,4.949616667269756132e-01,4.505861021672247224e-01,4.623257916546615887e-01,4.509396379815996392e-01,4.486750011198750165e-01,4.103900295932758624e-01,3.979121785597891092e-01,3.866496691847377543e-01,3.696538204656937276e-01,3.170941802443854041e-01,3.460174324110640853e-01,3.100377385949865117e-01,2.533740979148659811e-01,2.461236073958984472e-01,2.307431038964473657e-01,1.968880235086676311e-01,8.209321853716071704e-01,7.268429742265885007e-01
7.527851873224642443e-01,8.001881243524481269e-01,7.299351362650925434e-01,7.895605714388930219e-01,7.666605801943002785e-01,7.161304393323637552e-01,6.822364632604270840e-01,6.206560062697230595e-01,9.434870148837031234e-01,1.000000000000000000e+00,9.382925432578234082e-01,9.146383387427616807e-01,8.552582976109273094e-01,8.460830741346272443e-01,8.952138557025060006e-01,8.376790409519107028e-01,9.080126985869281242e-01,8.663342155671658329e-01,8.452591210122092358e-01,8.085897310868728205e-01,7.996839903028030161e-01,7.595067216359807638e-01,7.477681149146448991e-01,6.939515813988792470e-01,7.581808868326883610e-01,7.129119349450081522e-01,6.909957049329753520e-01,6.283643218309100664e-01,6.627891124614522234e-01,6.152647375138429187e-01,5.952596977822665059e-01,5.948725604871387684e-01,5.495102224838395166e-01,5.421991512744093189e-01,5.112028497081572143e-01,4.712758531962807362e-01,4.787216479958085191e-01,4.701890902742158485e-01,4.373213704371521349e-01,4.311011392957454502e-01,4.046382151614353884e-01,3.806510833649231484e-01,3.236738307704218887e-01,3.247880056190973752e-01,3.042884088127288944e-01,2.618240306944954465e-01,2.818025649127690047e-01,2.618744976889713083e-01,2.594380442670712883e-01,2.376568458578242060e-01,1.807281828916913469e-01,1.791522071654404469e-01,1.968252129918749427e-01,1.433141887632368716e-01,9.824996892325077447e-02,5.249172794508927264e-01,5.606829193101070530e-01,5.568488858116724671e-01,5.656464770103800666e-01,5.479648900257161337e-01,5.053231142022516220e-01,5.188333110383758218e-01,5.071194759401318475e-01,5.045535142830970265e-01,4.668868956986538254e-01,4.542755550178436685e-01,4.424220439165610363e-01,4.246922417946038530e-01,3.716154547213718073e-01,4.025300846844054314e-01,3.660190235710673035e-01,3.098112922409372860e-01,3.022459628372509144e-01,2.871704520828329832e-01,2.533539236039537013e-01,8.172231365305903106e-01,7.475435327994213175e-01
8.053560808489848011e-01,8.535999998860770432e-01,7.914464535879036644e-01,8.505376206165695674e-01,8.274402711409591937e-01,7.773729337468271439e-01,7.415700227213413154e-01,6.779798234817506764e-01,8.974007764466932491e-01,9.382925432578234082e-01,1.000000000000000000e+00,9.572196223316371544e-01,9.144314450195039079e-01,9.077590702226818742e-01,9.389029615905031267e-01,8.965249623368004572e-01,9.007891391138335146e-01,8.722189109984291866e-01,8.763075754659364058e-01,8.543956683043238964e-01,8.562559267986764588e-01,8.139339775826361922e-01,7.914001736869497039e-01,7.472713055574919938e-01,7.873349205663651151e-01,7.494158378009657673e-01,7.341673311671803592e-01,6.805806486967196367e-01,7.001714466122107572e-01,6.505438947648126691e-01,6.411728207769911148e-01,6.502784745528149557e-01,6.024449107074112408e-01,5.916306462063452010e-01,5.614624213651306928e-01,5.218409411047051361e-01,5.243618816521660175e-01,5.179707035108948032e-01,4.869010514470202278e-01,4.766907173041710077e-01,4.531127880185168433e-01,4.273715526991669345e-01,3.709149593971943215e-01,3.658980196006603736e-01,3.488246117738861285e-01,3.091912722483641796e-01,3.240856569762382566e-01,3.065319196976994398e-01,2.973446139262621024e-01,2.781709344171129361e-01,2.228668259904786897e-01,2.253099741608212137e-01,2.314148711156286398e-01,1.805460015416229247e-01,1.411074275625479046e-01,5.459819909833520946e-01,5.904000859748976815e-01,5.929283182312311551e-01,6.076271782943880595e-01,5.947071650110175023e-01,5.473098148029653665e-01,5.477106085455081264e-01,5.415345167072139754e-01,5.234777640643223373e-01,4.938378596136431264e-01,4.869275251529919801e-01,4.800248768160451096e-01,4.657946065721948470e-01,4.146571365084702476e-01,4.314211722688533479e-01,4.025379894577196804e-01,3.418043849577940829e-01,3.378784487876949072e-01,3.130630601654882383e-01,2.848836995087545843e-01,7.577034343575950182e-01,8.065850417833708708e-01
8.381333021986221432e-01,8.853234757562402635e-01,8.044520342972025784e-01,8.657166273771944587e-01,8.270627160434940173e-01,7.808981338634544134e-01,7.383986476387296438e-01,6.711252605890055678e-01,8.960534090843053079e-01,9.146383387427616807e-01,9.572196223316371544e-01,1.000000000000000000e+00,9.331541971029098104e-01,9.095264960577916780e-01,9.038865460043690181e-01,8.853784021733891452e-01,8.582240881302882762e-01,8.299185715513387462e-01,8.399413370455497407e-01,8.281406073682959779e-01,8.431641424878660862e-01,7.991716197368912145e-01,7.656070613138334924e-01,7.327216893266315090e-01,7.527327454436991694e-01,7.194654132208262443e-01,7.092332618876147077e-01,6.656679929854857347e-01,6.715215878870435251e-01,6.211053104646580003e-01,6.198844216973709020e-01,6.403249387111731306e-01,5.893269583116932386e-01,5.743605233044664082e-01,5.453597405150132360e-01,5.063608378570119140e-01,5.037620641187561255e-01,4.994865037882294523e-01,4.705048054614113795e-01,4.563139672153188053e-01,4.356974398448123509e-01,4.083024330283425707e-01,3.525847993331473473e-01,3.421799983864923789e-01,3.280272784261151209e-01,2.911945498423821332e-01,3.014445980658280178e-01,2.859779430847457782e-01,2.714561245201481121e-01,2.542570772527361633e-01,2.003819191010025591e-01,2.063625651195405419e-01,2.034658720643388596e-01,1.544607167386879976e-01,1.193947912103675568e-01,5.101395480743973199e-01,5.582737725267894469e-01,5.644778088947008943e-01,5.832815227829070137e-01,5.746413607351262831e-01,5.234211266320587530e-01,5.153992979774894012e-01,5.123709601807141523e-01,4.869028293768690174e-01,4.608154240369624066e-01,4.569855388961464593e-01,4.532616491893394217e-01,4.416645100133893553e-01,3.923220325689549259e-01,3.996172356631817468e-01,3.753630142845965079e-01,3.119974622041263856e-01,3.103298643740788343e-01,2.800844126680214208e-01,2.549562311527847625e-01,7.328856230388283155e-01,8.292752796922719938e-01
8.861803741419610470e-01,9.332831130114274121e-01,8.712627842125373334e-01,9.324695843722576871e-01,8.887464276041177058e-01,8.459412667929642193e-01,8.002867612690146570e-01,7.312560718775940050e-01,8.292794594601805569e-01,8.552582976109273094e-01,9.144314450195039079e-01,9.331541971029098104e-01,1.000000000000000000e+00,9.625474900953621127e-01,8.997925454439732462e-01,9.277583067236149228e-01,8.282107512219516465e-01,8.141648395308359598e-01,8.458312042445744749e-01,8.567783089043161660e-01,8.902290575217568502e-01,8.477710653759984449e-01,8.000493538711130892e-01,7.844038269829989307e-01,7.700848181787406377e-01,7.484709028813023579e-01,7.475154687864332681e-01,7.184472857257495626e-01,7.045417683825285771e-01,6.538207932481480134e-01,6.656595588628219096e-01,6.982903475873344368e-01,6.449312309378474328e-01,6.257536498912649181e-01,5.983280109168502836e-01,5.602926171857900428e-01,5.518201017123847141e-01,5.501650337466634788e-01,5.237162307796453531e-01,5.050232712535518420e-01,4.880157567360449145e-01,4.588952328822000215e-01,4.043014377303698614e-01,3.871364044073112298e-01,3.769293757665383993e-01,3.435245274933131920e-01,3.480791241501391964e-01,3.353560578547378768e-01,3.135488486747236569e-01,2.993362612583189142e-01,2.476073266937454109e-01,2.579031710109828124e-01,2.425189356576863409e-01,1.966949127382330298e-01,1.678555560815864212e-01,5.303747869235060364e-01,5.866916059639247782e-01,5.999605989622595059e-01,6.252352040142739042e-01,6.226577087097719954e-01,5.667921587468908173e-01,5.439943568851903777e-01,5.472302907648516346e-01,5.053884132300263676e-01,4.884510006695456097e-01,4.909625640528720858e-01,4.928524680945769454e-01,4.854095664976781910e-01,4.389053680857839534e-01,4.303940973442335061e-01,4.148501108451652097e-01,3.472588419982622909e-01,3.495731951055793818e-01,3.091146059702627458e-01,2.902833459431802821e-01,6.728037465618623703e-01,8.920412859313524567e-01
8.648701852825277925e-01,9.069450410391411976e-01,8.822566805987003269e-01,9.370348737835394459e-01,9.171598976973704964e-01,8.688674702942420502e-01,8.287622322520320495e-01,7.615443028383225288e-01,8.101446460116841219e-01,8.460830741346272443e-01,9.077590702226818742e-01,9.095264960577916780e-01,9.625474900953621127e-01,1.000000000000000000e+00,9.182040913720244113e-01,9.646997713453044909e-01,8.405717644082686402e-01,8.348832350509204359e-01,8.747355698144474445e-01,8.927832948535772140e-01,9.273837453689458554e-01,8.843072999607978213e-01,8.373647094937755053e-01,8.197069653774986531e-01,8.047494901659467681e-01,7.854404652016087063e-01,7.849548743021919073e-01,7.531487342599317847e-01,7.419177770335692035e-01,6.912177016941134511e-01,7.022452461348824837e-01,7.302292107046616243e-01,6.782151153983565495e-01,6.608154270373145511e-01,6.327692272061571366e-01,5.942913850226045902e-01,5.877812264075124027e-01,5.853822744315853033e-01,5.579896814526805748e-01,5.407787146719127414e-01,5.226124409519365965e-01,4.940694171732670226e-01,4.390660423909054089e-01,4.236500766860290534e-01,4.125549139072091087e-01,3.780369414517472659e-01,3.842431062026977484e-01,3.708301884817388760e-01,3.504739585251746004e-01,3.357927530701786401e-01,2.836011562671076902e-01,2.926663861317024828e-01,2.797416849161912245e-01,2.335710192992642709e-01,2.035211843018619460e-01,5.666611463712274421e-01,6.238794885068299489e-01,6.374111637436636890e-01,6.623349002424581133e-01,6.587042665708559008e-01,6.036665722449789939e-01,5.812274719015116942e-01,5.846820071240012018e-01,5.414318247014413554e-01,5.256456891011768162e-01,5.284148962676840089e-01,5.300979409308457235e-01,5.221749523943268745e-01,4.751251140946028961e-01,4.677893286550290908e-01,4.520776730399780341e-01,3.846907371318041280e-01,3.868029681279541165e-01,3.464575807752124925e-01,3.277090722654587562e-01,6.679341007853656365e-01,8.869690376334515847e-01
7.871511332938704308e-01,8.332370673395835814e-01,8.058178354186834591e-01,8.556479488901663766e-01,8.574543764988673544e-01,8.059459161555229123e-01,7.803593438098377355e-01,7.226370225781868495e-01,8.431766179314154064e-01,8.952138557025060006e-01,9.389029615905031267e-01,9.038865460043690181e-01,8.997925454439732462e-01,9.182040913720244113e-01,1.000000000000000000e+00,9.302522271004779464e-01,9.215937279299932783e-01,9.143536497644475514e-01,9.360413605303722351e-01,9.127598793053773862e-01,9.001304517263138960e-01,8.629805913934289752e-01,8.505768372464828087e-01,7.983339749606865876e-01,8.479547134238877293e-01,8.103511381257944013e-01,7.933386386577840899e-01,7.330871413669157732e-01,7.609038741264202432e-01,7.114885237648020944e-01,6.987871520162735051e-01,6.985678525689595908e-01,6.541755208087294271e-01,6.467821603626322524e-01,6.159035089326730938e-01,5.760010168399513075e-01,5.819984523706112078e-01,5.742983593196606673e-01,5.418852458661752580e-01,5.343171166875970712e-01,5.089222058706870389e-01,4.843216815386589547e-01,4.275169406765757518e-01,4.253717611349340233e-01,4.069103963653296629e-01,3.656893142722204004e-01,3.831229725255465013e-01,3.645391821115270270e-01,3.576539953283054407e-01,3.377925167698276887e-01,2.819150451075959074e-01,2.825016214701507877e-01,2.922522200700273798e-01,2.409567167569527379e-01,1.998499975622970437e-01,6.058306854352097925e-01,6.514503243031227742e-01,6.537305677975815410e-01,6.670105837982995833e-01,6.517710455785477031e-01,6.066178648914690719e-01,6.087327539282596511e-01,6.024913292304079349e-01,5.828426542761016016e-01,5.547353000411308077e-01,5.479852612281804758e-01,5.404890155413619723e-01,5.253352771153405598e-01,4.734462608951529594e-01,4.924791447160736801e-01,4.631570103052055076e-01,4.028674279653855494e-01,3.986092835527643707e-01,3.739399573882281613e-01,3.459582635463966938e-01,7.362731372061411816e-01,8.051835306131410741e-01
8.346794697892686576e-01,8.736599174604902096e-01,8.741242544702618744e-01,9.164561983303750603e-01,9.267132848020023239e-01,8.751314863161739899e-01,8.445463476802672620e-01,7.813962427111241782e-01,7.942361786280974778e-01,8.376790409519107028e-01,8.965249623368004572e-01,8.853784021733891452e-01,9.277583067236149228e-01,9.646997713453044909e-01,9.302522271004779464e-01,1.000000000000000000e+00,8.529631113131165288e-01,8.560514921714721392e-01,9.032441434176076145e-01,9.278881227013597854e-01,9.577795484221208744e-01,9.137900232582877313e-01,8.722096932590321927e-01,8.472751010895355206e-01,8.393096993677503503e-01,8.206565807719273797e-01,8.187762600962269488e-01,7.801961802068057006e-01,7.766369039855569589e-01,7.258776441858822981e-01,7.333107059492125490e-01,7.529020021353824976e-01,7.033363495093550855e-01,6.889697942841430667e-01,6.599519740405934698e-01,6.208718130363428678e-01,6.177661085893221271e-01,6.140106075454524470e-01,5.851012657459955246e-01,5.704489780143059408e-01,5.503174619050223981e-01,5.227791521765194904e-01,4.671683043018383108e-01,4.549084940949921219e-01,4.421357012239673923e-01,4.058058626195603091e-01,4.148305954897453240e-01,4.001828727995877522e-01,3.826870896686912493e-01,3.669822865375873544e-01,3.139293688278690375e-01,3.209082811781628353e-01,3.127829228749090529e-01,2.657042936057857352e-01,2.333060636308779134e-01,6.019508678517981881e-01,6.589331756196903367e-01,6.715170479277776661e-01,6.948059609728911568e-01,6.887143231826986511e-01,6.355938337155921936e-01,6.162305086295214451e-01,6.188403173800348656e-01,5.766865878543135926e-01,5.606925106636406753e-01,5.626756044604397378e-01,5.631343741876120301e-01,5.539159081593212353e-01,5.057508213289136911e-01,5.024785970987092343e-01,4.850872818228492145e-01,4.186210892523481997e-01,4.198407091251180612e-01,3.812894131471741277e-01,3.615992089454231895e-01,6.678487946291702393e-01,8.653720301598072373e-01
7.144308657276081664e-01,7.620681879428893302e-01,7.276029481708561342e-01,7.776758888629400346e-01,7.818105734149315422e-01,7.309072452362999073e-01,7.115788283531847558e-01,6.607376340288790839e-01,8.532262481715665592e-01,9.080126985869281242e-01,9.007891391138335146e-01,8.582240881302882762e-01,8.282107512219516465e-01,8.405717644082686402e-01,9.215937279299932783e-01,8.529631113131165288e-01,1.000000000000000000e+00,9.564282547170027682e-01,9.142467676384217201e-01,8.620948274446742499e-01,8.296346316835999657e-01,8.004618174973393563e-01,8.117371958719946656e-01,7.425128805831331391e-01,8.392483091736248069e-01,7.885381416499714913e-01,7.589009385488443282e-01,6.823457710600053794e-01,7.391547869486848610e-01,6.949129954757694572e-01,6.620677416077791477e-01,6.418274100588524655e-01,6.039895858437168696e-01,6.041281535065267105e-01,5.721228628305599084e-01,5.322276433423869246e-01,5.479991409705075034e-01,5.361972994552138827e-01,5.005988361812281351e-01,5.010111561734247321e-01,4.702471760881286045e-01,4.493486086384677058e-01,3.920282868916640240e-01,4.013670217536958740e-01,3.767335018089718046e-01,3.304029284615255246e-01,3.572571679560920810e-01,3.344111930054548543e-01,3.396918368926999943e-01,3.153511276729449309e-01,2.568317517296873076e-01,2.500093935295085723e-01,2.801806665117213546e-01,2.246031513020390058e-01,1.738051032435543597e-01,6.147547037256197999e-01,6.456977853894750874e-01,6.366295051866563970e-01,6.386757086491299251e-01,6.144498789841217334e-01,5.792570279091606711e-01,6.047623566631836756e-01,5.889799864268436824e-01,5.951684656159377251e-01,5.542773561270946114e-01,5.379923975211853282e-01,5.218983998636601562e-01,5.005547829762497791e-01,4.455491903000051712e-01,4.890937814483022894e-01,4.470419712414764879e-01,3.947223309106806521e-01,3.843673379993837180e-01,3.756918721652978688e-01,3.387671008242777448e-01,8.031665278932126339e-01,7.277284473112917151e-01
7.017175812150489023e-01,7.475922932064706927e-01,7.312214643337027198e-01,7.742794532576537936e-01,7.912952679461374705e-01,7.426869247845184763e-01,7.311751049956083381e-01,6.866833934292067010e-01,8.106131791158537325e-01,8.663342155671658329e-01,8.722189109984291866e-01,8.299185715513387462e-01,8.141648395308359598e-01,8.348832350509204359e-01,9.143536497644475514e-01,8.560514921714721392e-01,9.564282547170027682e-01,1.000000000000000000e+00,9.416989919513585328e-01,8.863271862393210521e-01,8.432815553211471249e-01,8.222849610804651155e-01,8.455230835535552103e-01,7.706670323404208878e-01,8.808969467927723063e-01,8.285955478153067544e-01,7.959955355805934385e-01,7.143518198019283005e-01,7.800058507449549872e-01,7.370735612108276769e-01,6.998382439202139871e-01,6.712449705876596395e-01,6.371582720731049365e-01,6.403862622786724579e-01,6.081930461905922236e-01,5.685375701470285481e-01,5.873216531586531453e-01,5.743964648745321089e-01,5.379369830151660148e-01,5.407009183141929798e-01,5.085421684837354572e-01,4.887680657282886809e-01,4.314611686663364365e-01,4.432393019034148729e-01,4.174771919666707687e-01,3.700195433993254124e-01,3.988779353516596071e-01,3.752381508264648335e-01,3.824667341403299448e-01,3.575748286836147871e-01,2.987056691783807061e-01,2.904375640031647832e-01,3.234997816682867455e-01,2.676171015892855332e-01,2.155934861784263301e-01,6.579873736921950655e-01,6.891096623510092334e-01,6.789838960494133380e-01,6.789303793456563652e-01,6.524314709807588208e-01,6.200378604635066182e-01,6.482824720878952451e-01,6.318994534060312640e-01,6.380614655738379160e-01,5.978465490064720500e-01,5.812823280563066408e-01,5.643604951888644417e-01,5.420987384045226065e-01,4.866281725317973539e-01,5.326595483229720207e-01,4.899101917546343499e-01,4.381963274294430333e-01,4.274708024024731490e-01,4.191683822807091842e-01,3.822876253984933692e-01,7.712495940465471378e-01,7.230842957702758866e-01
7.397513377144055990e-01,7.822358083219922431e-01,7.833211612219868059e-01,8.197232488111982907e-01,8.460687846969570103e-01,7.991204178550403991e-01,7.894591652166274010e-01,7.439966530916873877e-01,7.894192549913363610e-01,8.452591210122092358e-01,8.763075754659364058e-01,8.399413370455497407e-01,8.458312042445744749e-01,8.747355698144474445e-01,9.360413605303722351e-01,9.032441434176076145e-01,9.142467676384217201e-01,9.416989919513585328e-01,1.000000000000000000e+00,9.446019273408231554e-01,8.992147138442635468e-01,8.805850005434332495e-01,8.971660121248311581e-01,8.271705434998222195e-01,9.107207332424743784e-01,8.676269649043433230e-01,8.427900368968140876e-01,7.680559750798228169e-01,8.174957737991304096e-01,7.698535869606274451e-01,7.459283385208470563e-01,7.268642983725441820e-01,6.897426384092526508e-01,6.891673408885468088e-01,6.572909456558548857e-01,6.173293284163235972e-01,6.305583891379713535e-01,6.200191666118153311e-01,5.851547988372358677e-01,5.831926719311570917e-01,5.540920812484347868e-01,5.320053160395505909e-01,4.747596836769335527e-01,4.792425405735702970e-01,4.574238544926525485e-01,4.129771709032421523e-01,4.359689013217590281e-01,4.150124808189344927e-01,4.141554187935919673e-01,3.922657282867803019e-01,3.350117616715707625e-01,3.314600854130638208e-01,3.509050407141802719e-01,2.979487647318425081e-01,2.523577427157954745e-01,6.695565169520221183e-01,7.129217755073782303e-01,7.114959120614173793e-01,7.193879834532398432e-01,6.982825649048562955e-01,6.592565544924373633e-01,6.704634536855018645e-01,6.613732667233152007e-01,6.467401670765542399e-01,6.170653000131179899e-01,6.078515092519065632e-01,5.971513785079515246e-01,5.790600472176754554e-01,5.253837576330497861e-01,5.540258380703340091e-01,5.206184095313317606e-01,4.629591409906492760e-01,4.566510697253528539e-01,4.363842481786183169e-01,4.062393703757263275e-01,7.180888122508763960e-01,7.687639993879418210e-01
7.657754659873725611e-01,8.021424596125394935e-01,8.275181782197393865e-01,8.520820829217221615e-01,8.931067036490194511e-01,8.504242867373369430e-01,8.446719046395513297e-01,7.984807961141532351e-01,7.559400406774399173e-01,8.085897310868728205e-01,8.543956683043238964e-01,8.281406073682959779e-01,8.567783089043161660e-01,8.927832948535772140e-01,9.127598793053773862e-01,9.278881227013597854e-01,8.620948274446742499e-01,8.863271862393210521e-01,9.446019273408231554e-01,1.000000000000000000e+00,9.456978281987477031e-01,9.359162520987139855e-01,9.369239265055890886e-01,8.801665117546584316e-01,9.107965789625011022e-01,8.902966359213768666e-01,8.797589292259094806e-01,8.177126969810950552e-01,8.433089517378783428e-01,7.927445648832983638e-01,7.860047846647866265e-01,7.793404704401114547e-01,7.387249865747551603e-01,7.335537628138313337e-01,7.023945661551185271e-01,6.624148195548059670e-01,6.691920622657685502e-01,6.614751192574765959e-01,6.287019063263932228e-01,6.215061521626282781e-01,5.960131395580665625e-01,5.715617720950264546e-01,5.147456187905381508e-01,5.114919793407488591e-01,4.939675572787624036e-01,4.529135370087966628e-01,4.696589463688831678e-01,4.516177333730401200e-01,4.424110289658789164e-01,4.237408259389041643e-01,3.684381155161490229e-01,3.697281946553974130e-01,3.752211875937572216e-01,3.254984896209106582e-01,2.865827669297931202e-01,6.735964742126312466e-01,7.281572961552063017e-01,7.363368558373120099e-01,7.532152162690677333e-01,7.390097972507008173e-01,6.929120747366475097e-01,6.852781542560868466e-01,6.841804463054590446e-01,6.485502094577900722e-01,6.300670505022967216e-01,6.286387431301794226e-01,6.247215229582375740e-01,6.113692937838159924e-01,5.601686847761331300e-01,5.702982885797183155e-01,5.469465641858141103e-01,4.837530411867020375e-01,4.820092793707635437e-01,4.498606246208807224e-01,4.266996895620913666e-01,6.652802450161634518e-01,8.038449045663417225e-01
