1.000000000000000000e+00,9.776855515599082169e-01,9.552225800028230074e-01,8.926728884952253029e-01,8.737164009118956187e-01,9.039030355471197042e-01,9.433869817619568998e-01,9.456468159893590686e-01,9.475428248595098024e-01,7.551175128602032327e-01,7.542544499644383560e-01,7.148327418999278482e-01,7.242654822709231333e-01,7.071256531746524798e-01,7.158106658249028253e-01,7.331159683746322209e-01,9.358720643371998271e-01,8.438531111148958042e-01,8.901046297105000837e-01,8.663284723336825977e-01,7.358818419181176740e-01,8.341492565385254521e-01,9.258822736541867382e-01,8.155244857359262856e-01,8.938169630521720643e-01,7.615468294748539702e-01,8.065754784965063484e-01,8.538027104718914906e-01,8.557238080499952604e-01,8.830261045102528739e-01,8.515253185219029408e-01,7.307014664153580474e-01,6.446867242526660435e-01,7.100420967641143388e-01,6.701189577862659563e-01,6.988193858742761666e-01,6.772095047292202574e-01,7.352918522244445976e-01,6.273265508451653094e-01,6.041499038459992033e-01,5.304946014186000536e-01,5.692608605608360239e-01,4.591796419486935399e-01,5.959440123273886947e-01,6.403116884908917061e-01,6.412968377321472957e-01,5.197912117429319689e-01,5.751776615806635240e-01,5.093022116662756504e-01,4.895902722933107576e-01,5.284319174613941739e-01,5.914329029138839511e-01,6.225678620317203205e-01,6.401667726782149792e-01,5.215181187401559670e-01,4.753555701791183363e-01,5.594447954074142082e-01,5.555214452285804905e-01,6.240947636378856300e-01,6.270361877137955453e-01,9.130045211023301022e-01,8.753763106305327835e-01,9.284713248877169978e-01,8.465401618078265411e-01,8.873926561009677361e-01,7.923540532664009595e-01,7.815314773357932010e-01,8.061287887184537260e-01,7.206698391608421517e-01,6.968246824328812039e-01,7.502160372927068055e-01,6.528549455847345584e-01,6.307405496662572553e-01,6.510014206443368590e-01,6.441277584790234823e-01,6.790921541927505967e-01,5.759108515150732632e-01,5.439245414873756790e-01,5.568830483072558790e-01,6.214534756704621632e-01,7.306604765820643443e-01
9.776855515599082169e-01,1.000000000000000000e+00,9.545362648261864758e-01,9.100868870207167172e-01,8.906949235672981802e-01,9.216018711151554577e-01,9.214285741848613487e-01,9.244286348754584548e-01,9.256567850154514554e-01,7.718449256285695448e-01,7.716553605216889267e-01,7.318227093589193544e-01,7.399741225041858161e-01,7.243366249532741108e-01,7.354711734818036861e-01,7.537324329892366448e-01,9.481829177213834114e-01,8.571508769429159180e-01,9.062425035666440420e-01,8.491232737670741937e-01,7.166640858324790919e-01,8.149847027421257550e-01,9.178085124369319558e-01,8.054719610404298402e-01,8.824508533487699369e-01,7.832166026207411091e-01,8.253984999223156205e-01,8.553418281432779713e-01,8.780042323096632906e-01,9.051483367476088615e-01,8.738364426986527933e-01,7.528503526258620848e-01,6.669971009613910873e-01,7.323261145070114608e-01,6.865607500120378681e-01,7.180554236694239867e-01,6.928723262065316080e-01,7.422681255995926541e-01,6.376236074132115572e-01,6.163971778604828700e-01,5.483382985756837247e-01,5.853168874089182960e-01,4.773756141046074930e-01,6.173726160722412537e-01,6.613840006354281265e-01,6.615594313117825198e-01,5.419414351725173606e-01,5.967279023194391741e-01,5.316133072957078820e-01,5.114505541877132355e-01,5.496206778661902881e-01,5.744325951992064194e-01,6.045891663835583074e-01,6.216144395999652073e-01,5.032040971994644618e-01,4.583754258515571056e-01,5.442490082941119356e-01,5.406877417047843970e-01,6.121760944254919234e-01,6.128662119401966368e-01,8.938566265464433780e-01,8.618939196682715576e-01,9.212622431830046477e-01,8.243360313130456696e-01,8.654268747388815797e-01,7.704187841130258896e-01,7.597928787592249655e-01,7.882245277551178653e-01,7.167066764864894468e-01,6.952320072023250308e-01,7.456698460474161516e-01,6.473052843949712587e-01,6.257785795211658897e-01,6.508459518188234316e-01,6.218244844476321642e-01,6.574955400033161146e-01,5.536406496778694120e-01,5.237017455642760666e-01,5.350000428967890409e-01,6.005850861002871577e-01,7.137507530714568560e-01
9.552225800028230074e-01,9.545362648261864758e-01,1.000000000000000000e+00,9.197037282582081197e-01,9.033923461758543993e-01,9.288398544534327561e-01,9.143945021616792790e-01,9.123656410548004470e-01,9.174321497498775235e-01,7.317529685545625107e-01,7.325656032854925837e-01,6.923399288675551322e-01,6.987601302542179038e-01,6.852315775749679982e-01,7.014038877571107111e-01,7.225939966634234990e-01,9.029366707298540629e-01,8.132081888720262830e-01,8.638590861612853722e-01,8.276856466548060398e-01,7.028473567830779700e-01,7.998115763458859551e-01,8.811072663524757154e-01,7.714244454890637481e-01,8.498444413624564042e-01,7.773197427628093514e-01,8.340309308247413345e-01,8.984012057645923699e-01,8.563152200661416913e-01,8.894888617711071976e-01,8.552843715762308285e-01,7.315932117841252857e-01,6.508788794734873262e-01,7.186619270528489256e-01,7.050715320876097536e-01,7.267230384157961076e-01,7.135260402230709786e-01,7.795550391528338618e-01,6.700370155358668089e-01,6.452547151312075790e-01,5.631224697594723327e-01,6.053692751016357398e-01,4.911699424828439575e-01,5.910330707159882069e-01,6.329111133603548822e-01,6.298319201962342406e-01,5.327476120367529155e-01,5.937213602685769143e-01,5.163376202155367523e-01,4.886247215143977307e-01,5.222535191027168899e-01,6.110012724695130792e-01,6.389883614724080063e-01,6.545352876557252175e-01,5.371725491908057037e-01,4.952812602050142843e-01,5.838683150309655900e-01,5.808078968064298575e-01,6.552182338402610107e-01,6.536523298332389542e-01,9.183328303587128261e-01,9.012398635404653691e-01,9.648970621099166589e-01,8.269061713749528142e-01,8.631104876586856989e-01,7.706412603313927967e-01,7.778240158558197281e-01,8.211449706905048496e-01,7.620660324436363542e-01,7.399125319350084995e-01,7.911065792643756645e-01,6.927688503893709715e-01,6.712246200160020271e-01,6.948073990154708390e-01,6.331414574856757405e-01,6.778948927926349288e-01,5.667192797376870983e-01,5.149591718295932763e-01,5.367469824251480670e-01,5.947516362714598825e-01,7.497698643300449994e-01
8.926728884952253029e-01,9.100868870207167172e-01,9.197037282582081197e-01,1.000000000000000000e+00,9.805039681711839039e-01,9.884368764855886447e-01,8.389608513622202057e-01,8.393099222762797629e-01,8.426627754902213940e-01,7.603446186557140107e-01,7.643510113936133887e-01,7.248469426798906934e-01,7.249701953176046487e-01,7.192129088602248199e-01,7.478030236742336800e-01,7.741226643809767660e-01,8.823448828200642913e-01,8.186057697179948134e-01,8.687860099624905574e-01,7.595382148604128414e-01,6.286633527054367176e-01,7.268649636162483052e-01,8.300980663066672705e-01,7.183525198844933346e-01,7.935840932662824310e-01,8.557491566223964785e-01,9.132734751024157438e-01,8.930765953780440691e-01,9.114684313485702516e-01,9.448628409758725866e-01,9.156753871055295368e-01,7.981415489643928218e-01,7.243870668068124186e-01,7.931792045329200125e-01,7.764567648382592058e-01,8.053936800585199673e-01,7.824871266026550698e-01,8.133116375543273380e-01,7.196211379619696924e-01,7.022630719220708251e-01,6.377877142490537832e-01,6.751537806202625447e-01,5.665063995239500994e-01,6.540454035771863239e-01,6.919608160841751454e-01,6.832667565795793596e-01,6.112554622532755388e-01,6.738178888647614606e-01,5.915222037063652127e-01,5.571483861537982474e-01,5.846738223557990111e-01,5.534741138646283032e-01,5.771035651416225321e-01,5.901281988072979434e-01,4.756902902136179723e-01,4.397103968327469303e-01,5.339270574508692135e-01,5.323462212268461613e-01,6.162544564541556635e-01,6.060119579593958861e-01,8.397211288842153509e-01,8.378540024191216684e-01,8.983612996347224433e-01,7.470975805020282356e-01,7.847555648980166776e-01,6.910432072470455989e-01,6.994659195214052438e-01,7.530018057731784342e-01,7.500280085252447604e-01,7.389199972409357109e-01,7.746441569456760101e-01,6.776822293872002412e-01,6.592937217189236421e-01,7.016240760228620310e-01,5.534276798417057108e-01,6.013869162501488397e-01,4.875549331231548988e-01,4.377208730227318823e-01,4.566160049185074010e-01,5.164358428442052951e-01,6.885470707048284567e-01
8.737164009118956187e-01,8.906949235672981802e-01,9.033923461758543993e-01,9.805039681711839039e-01,1.000000000000000000e+00,9.689438532624200517e-01,8.207911676563393044e-01,8.207820404439269968e-01,8.243962422690649383e-01,7.515544015225100738e-01,7.563024555491660861e-01,7.174539968480204699e-01,7.160177456428118425e-01,7.122618637761823912e-01,7.441285815799427716e-01,7.718124352034444469e-01,8.636730916779936651e-01,8.041884985017799803e-01,8.531330801786776163e-01,7.403390734347665703e-01,6.099635222859403072e-01,7.080693202908132644e-01,8.106153729497712623e-01,6.989349265059208172e-01,7.740880690294342781e-01,8.667820392061813539e-01,9.306362449072949072e-01,8.949469282784660029e-01,9.060122761718361062e-01,9.358327795245924285e-01,9.122003349078464662e-01,8.016808389018712511e-01,7.324416636793557034e-01,8.014125886361591622e-01,7.958645997196549526e-01,8.231562454550694907e-01,8.019800075350549395e-01,8.280089948682567424e-01,7.377004613610742556e-01,7.212143609584378279e-01,6.567531846905738657e-01,6.946026071906523658e-01,5.853219158401932187e-01,6.571961763766627218e-01,6.932656444081192193e-01,6.825497619572413743e-01,6.234510168484095338e-01,6.881848285507359275e-01,6.011244354863055639e-01,5.631465855921475860e-01,5.878848345947500498e-01,5.488087563699362015e-01,5.709421030801546948e-01,5.830632012216858673e-01,4.699747033386448836e-01,4.360017741545573200e-01,5.316261640575408176e-01,5.304789757255625737e-01,6.165857060300162784e-01,6.040383219765411704e-01,8.254322535464936328e-01,8.286650271087663278e-01,8.859536097345508399e-01,7.303030295455860132e-01,7.671909846797966281e-01,6.740683534883684658e-01,6.860049842463178393e-01,7.436939174924945828e-01,7.556704072086133372e-01,7.472629829291588255e-01,7.788133971009871814e-01,6.834615138356728847e-01,6.659626468625156059e-01,7.120887761610795730e-01,5.390007583013500803e-01,5.892724694356126225e-01,4.737529429304534467e-01,4.196163875364811169e-01,4.402465903430706762e-01,4.987255356212345614e-01,6.820192559968796253e-01
9.039030355471197042e-01,9.216018711151554577e-01,9.288398544534327561e-01,9.884368764855886447e-01,9.689438532624200517e-01,1.000000000000000000e+00,8.497119147999678823e-01,8.502952207331078149e-01,8.534741538464730715e-01,7.646385542551971115e-01,7.681650464713918325e-01,7.283466036134138566e-01,7.294474380748299236e-01,7.224495002305544311e-01,7.489590531799870110e-01,7.743727261465265244e-01,8.931612070409871151e-01,8.264395907780817119e-01,8.773189592947914228e-01,7.709597415410330834e-01,6.398091135590705525e-01,7.380548254434398103e-01,8.416326432042278149e-01,7.298266537727634562e-01,8.051418088600749146e-01,8.481506800139475555e-01,9.024770852958121647e-01,8.906529950613505386e-01,9.124529494317931144e-01,9.471305353492183166e-01,9.153176833283905856e-01,7.948746343919003143e-01,7.187885988052427066e-01,7.873148797838762647e-01,7.649148520368483917e-01,7.945902298699534239e-01,7.709247467017733557e-01,8.044019981288929033e-01,7.089322250256521185e-01,6.910683743887493513e-01,6.264451709384113443e-01,6.635990133647281519e-01,5.552405896598235913e-01,6.513506417314913755e-01,6.902793999080778509e-01,6.827929842005237004e-01,6.034986932631600798e-01,6.648411238548266322e-01,5.852192855829626561e-01,5.529167182205670938e-01,5.820267188852088491e-01,5.561854632670775178e-01,5.806917920446357240e-01,5.942483810461930416e-01,4.790858158780754161e-01,4.419281726110418917e-01,5.352425027115244038e-01,5.334047043926882781e-01,6.159230729934589421e-01,6.070626217734982344e-01,8.478944674707817875e-01,8.427234449379888970e-01,9.048803649099003144e-01,7.570452679281698405e-01,7.951613993928989821e-01,7.011352159774304482e-01,7.073779060347680225e-01,7.582507538312740492e-01,7.463444030704233789e-01,7.337129957240129396e-01,7.717392381395530299e-01,6.740649178960391730e-01,6.551861695662902774e-01,6.952705834784342898e-01,5.620271846688720263e-01,6.085569957032530564e-01,4.958019835657195840e-01,4.485372528012619986e-01,4.664082395409956394e-01,5.270139160541704726e-01,6.922197365543548697e-01
9.433869817619568998e-01,9.214285741848613487e-01,9.143945021616792790e-01,8.389608513622202057e-01,8.207911676563393044e-01,8.497119147999678823e-01,1.000000000000000000e+00,9.907416150456728188e-01,9.956582049416239366e-01,7.165786817349204529e-01,7.140281054398683880e-01,6.762232523752871316e-01,6.888111694312599731e-01,6.680344045858381818e-01,6.700144812510520076e-01,6.844283349981262754e-01,8.952714284544865952e-01,8.106708507073001613e-01,8.483026852917940897e-01,9.104415429373212687e-01,7.883358099298982680e-01,8.853778444556252847e-01,9.286396355862167606e-01,8.418434232381338811e-01,9.155348172839189447e-01,7.049415970598500447e-01,7.522531205761006090e-01,8.257702234881141301e-01,8.005016589665503446e-01,8.265775826404871962e-01,7.956918770799050744e-01,6.765892430222362197e-01,5.893568850492392208e-01,6.540413863806140427e-01,6.196615669468623633e-01,6.443602462902645600e-01,6.279406110752487891e-01,7.009464468963877426e-01,5.878914303752027504e-01,5.612011892999505536e-01,4.782619003448929096e-01,5.197793380498365590e-01,4.065100598103393859e-01,5.451166911405875837e-01,5.906146439073873822e-01,5.941806886877695204e-01,4.633948704670826091e-01,5.186140680426398752e-01,4.540045191462528384e-01,4.371910065530092426e-01,4.786080672337462705e-01,6.223818324702841132e-01,6.567019308704024061e-01,6.762593379046200059e-01,5.576389875745368929e-01,5.070689289463516936e-01,5.846398333762015120e-01,5.795844218938258630e-01,6.383112221321380897e-01,6.481692517353270233e-01,9.367334526533106498e-01,8.831317848881715671e-01,9.076022056654950987e-01,9.026638859703676188e-01,9.439884442949781906e-01,8.489560227018944083e-01,8.307077773534864429e-01,8.360595581747095606e-01,7.110427622695569827e-01,6.819728185062392534e-01,7.411656657183929298e-01,6.487862037111187252e-01,6.255203945520837472e-01,6.336019088707871560e-01,6.987580126651133927e-01,7.282316814522576953e-01,6.300647627464877054e-01,5.987561449428602245e-01,6.134932916709505690e-01,6.772045841865048654e-01,7.592215468702727676e-01
9.456468159893590686e-01,9.244286348754584548e-01,9.123656410548004470e-01,8.393099222762797629e-01,8.207820404439269968e-01,8.502952207331078149e-01,9.907416150456728188e-01,1.000000000000000000e+00,9.923471112822860318e-01,7.246773974637303883e-01,7.219485230730042780e-01,6.843633499871475401e-01,6.972292731505479457e-01,6.761332260387464821e-01,6.772324753092991978e-01,6.910978386273716190e-01,9.022577566285340245e-01,8.190579712601194773e-01,8.556209353090747927e-01,9.147451735597477152e-01,7.891187338140200902e-01,8.869305725153728837e-01,9.378939604520237783e-01,8.490664338996778415e-01,9.238749121373941442e-01,7.076494905311643269e-01,7.527789896432555139e-01,8.205435550155188995e-01,8.048960852457472948e-01,8.298762914243662525e-01,7.996992902261501612e-01,6.817111761604595088e-01,5.939179615183947103e-01,6.580631005863084582e-01,6.185439320721786149e-01,6.449125531204332740e-01,6.264498474556707830e-01,6.962830900235799092e-01,5.840062464638401396e-01,5.580301547695520892e-01,4.777384344977114727e-01,5.182981114615065055e-01,4.061529942274416660e-01,5.514078641081792131e-01,5.971521503157857236e-01,6.012399365082561342e-01,4.670138343953056381e-01,5.211571209183705200e-01,4.586368088762878825e-01,4.430782770525235614e-01,4.851771766201711245e-01,6.132861947256502688e-01,6.477378014740289291e-01,6.674002719305571762e-01,5.488322415689570466e-01,4.980315955157756935e-01,5.754064266119183202e-01,5.703383338905064770e-01,6.291515730499587233e-01,6.389123006696395546e-01,9.277823063018931782e-01,8.746482166346359888e-01,9.023823804063142440e-01,8.979621734501626040e-01,9.400827709611869754e-01,8.455368807928216324e-01,8.232380192008105224e-01,8.268362009030149062e-01,7.033308430353382157e-01,6.747173334202007933e-01,7.334551650810166024e-01,6.405461658542010994e-01,6.173467782318908803e-01,6.265535710371882283e-01,6.933168696958913468e-01,7.209423735423327040e-01,6.244320613954736920e-01,5.981109173921947963e-01,6.103307728521696340e-01,6.758066378422769027e-01,7.500106159631410030e-01
9.475428248595098024e-01,9.256567850154514554e-01,9.174321497498775235e-01,8.426627754902213940e-01,8.243962422690649383e-01,8.534741538464730715e-01,9.956582049416239366e-01,9.923471112822860318e-01,1.000000000000000000e+00,7.204552545010618481e-01,7.179766036322107192e-01,6.800844582628059465e-01,6.925304174056160500e-01,6.719142319779700667e-01,6.741679220910870018e-01,6.886776114250421355e-01,8.994427189119842403e-01,8.143932561329648712e-01,8.524159491620191265e-01,9.085393439181282949e-01,7.850403474680255345e-01,8.823656657151800475e-01,9.311328774533196295e-01,8.415749836922733484e-01,9.162223103647620936e-01,7.090901129178659446e-01,7.559811454348446258e-01,8.273479089553802401e-01,8.048238264043759971e-01,8.308122540352841368e-01,7.999896477418416696e-01,6.809307727105752273e-01,5.936831277319649658e-01,6.583352887663000974e-01,6.229203174740466364e-01,6.480850558410202744e-01,6.310796943156737893e-01,7.027977393203110879e-01,5.901020713666900175e-01,5.637164688632797516e-01,4.816933580489050071e-01,5.229159994337384543e-01,4.099869952984832588e-01,5.494122270667977093e-01,5.948832818726204064e-01,5.983689023050605682e-01,4.676497391274235804e-01,5.227311957476401538e-01,4.583330628167944232e-01,4.415165028396659253e-01,4.828744082040672403e-01,6.192575102234967321e-01,6.533850657216166979e-01,6.728257078361713495e-01,5.541612213950948274e-01,5.038558387071900846e-01,5.818845055679331413e-01,5.769040978404462727e-01,6.363584204327830118e-01,6.457304426491927707e-01,9.351851470659360288e-01,8.822702960957481411e-01,9.092189637764003241e-01,8.983505155469720949e-01,9.397694883646009467e-01,8.447553263253696487e-01,8.265725261805090263e-01,8.332339589867213681e-01,7.109492737673023255e-01,6.822472439194089411e-01,7.410740188885980295e-01,6.481979991308184363e-01,6.249996648318887349e-01,6.340291797884509695e-01,6.944163123778746005e-01,7.240645429783807430e-01,6.257255893484579001e-01,5.950504062184742704e-01,6.093091613896713943e-01,6.733311022616061958e-01,7.563613788516879710e-01
7.551175128602032327e-01,7.718449256285695448e-01,7.317529685545625107e-01,7.603446186557140107e-01,7.515544015225100738e-01,7.646385542551971115e-01,7.165786817349204529e-01,7.246773974637303883e-01,7.204552545010618481e-01,1.000000000000000000e+00,9.888996248007884127e-01,9.595684776810995409e-01,9.644410227178259465e-01,9.514544416948371719e-01,9.302553529713326608e-01,9.165239662531187159e-01,8.183938201804722423e-01,9.044786229486475593e-01,8.650118547949600112e-01,7.054998711593181149e-01,5.865946119677226678e-01,6.653200328040247413e-01,7.778261859838733194e-01,7.370325664120153109e-01,7.580136561270881534e-01,7.848840750687615664e-01,7.440299134982973905e-01,6.556253751704250732e-01,8.444908199882931177e-01,8.151137430526078642e-01,8.363056063257943151e-01,8.521227737483130227e-01,7.758118469398698203e-01,8.014048909307130986e-01,6.215520176752391546e-01,6.870797834859521114e-01,6.169288010524592858e-01,5.845736439861802802e-01,5.176641536781774189e-01,5.165959261910045841e-01,5.268764656084494735e-01,5.326332555221712228e-01,4.698487866142355696e-01,7.942076613084301240e-01,8.420181571421766487e-01,8.603889228672904066e-01,6.413873385243683556e-01,6.548826790229484995e-01,6.635057133753956560e-01,6.829767280159391163e-01,7.393112895433548992e-01,3.466171613143647079e-01,3.778124018311842525e-01,3.958284700303019710e-01,2.770472571459633437e-01,2.305343891360170927e-01,3.162727869847529183e-01,3.129084962937499492e-01,3.877403258114411333e-01,3.855051699474346671e-01,6.683862228960557594e-01,6.341762654784035558e-01,6.966555481303785546e-01,6.313108339275823599e-01,6.720985210735102022e-01,5.909236132499462446e-01,5.484801666735461545e-01,5.612667916761546749e-01,5.109915310491746077e-01,4.993881935260741090e-01,5.367412878887003469e-01,4.387386346151096461e-01,4.198559417023001172e-01,4.637257527912398425e-01,4.305223883341373625e-01,4.469788108039406405e-01,3.613334150144565937e-01,3.988365429707030341e-01,3.737680039528253895e-01,4.586046505243922544e-01,4.859071771774596815e-01
7.542544499644383560e-01,7.716553605216889267e-01,7.325656032854925837e-01,7.643510113936133887e-01,7.563024555491660861e-01,7.681650464713918325e-01,7.140281054398683880e-01,7.219485230730042780e-01,7.179766036322107192e-01,9.888996248007884127e-01,1.000000000000000000e+00,9.596733225125109179e-01,9.579732273021784872e-01,9.526294754257785824e-01,9.401661391409085189e-01,9.276084012318593919e-01,8.169011724172139388e-01,9.000860059887254572e-01,8.639754159818648915e-01,6.998139933754503605e-01,5.793093241215596656e-01,6.594119888846622368e-01,7.736885429132036585e-01,7.289931916164805736e-01,7.525495330510996173e-01,7.943072746046703214e-01,7.513506259322968450e-01,6.589091185577543586e-01,8.498325788065980158e-01,8.193675453410232956e-01,8.420777386892889238e-01,8.630202712767990336e-01,7.868637233296120748e-01,8.122384015786294764e-01,6.307277134987075984e-01,6.967248185551426776e-01,6.258186418597309064e-01,5.906515734960353647e-01,5.256185706242366695e-01,5.252320234326498527e-01,5.373554427563871361e-01,5.424869906112699258e-01,4.806153358815387078e-01,8.033079498827844223e-01,8.513265451774606474e-01,8.683087257998064468e-01,6.522893541995102851e-01,6.659704080442980789e-01,6.738412118952452623e-01,6.917752779969374988e-01,7.471025160253468300e-01,3.461147823168480020e-01,3.768233623004226818e-01,3.945458408204225442e-01,2.758282036669652548e-01,2.300463553611864498e-01,3.166218690903105371e-01,3.134199863793932783e-01,3.893085165249879909e-01,3.862198081925817261e-01,6.673258335375090722e-01,6.345102493798608911e-01,6.975188629481836600e-01,6.272743901035984226e-01,6.683918542275502084e-01,5.858800078495156605e-01,5.454047666632142466e-01,5.604189046896015380e-01,5.145762478270030638e-01,5.037509430840934055e-01,5.399713495250637596e-01,4.422638861261399823e-01,4.236548538207890457e-01,4.687720581152258204e-01,4.256226006827641406e-01,4.436037002660683237e-01,3.563678785094003265e-01,3.907071166885570657e-01,3.670780441263068461e-01,4.512766162187968888e-01,4.854352619547730452e-01
7.148327418999278482e-01,7.318227093589193544e-01,6.923399288675551322e-01,7.248469426798906934e-01,7.174539968480204699e-01,7.283466036134138566e-01,6.762232523752871316e-01,6.843633499871475401e-01,6.800844582628059465e-01,9.595684776810995409e-01,9.596733225125109179e-01,1.000000000000000000e+00,9.753915988465631237e-01,9.912580013612075636e-01,9.415068103330996863e-01,9.146724372073088416e-01,7.779922848441372940e-01,8.646538828952264888e-01,8.247195052445374097e-01,6.675404973309071455e-01,5.517961018701285081e-01,6.277473764628433983e-01,7.381591072371824769e-01,7.037953022619334309e-01,7.196614188904347786e-01,7.662972868631147128e-01,7.166581942798533333e-01,6.190222066527792943e-01,8.113495224769542435e-01,7.799606437485623323e-01,8.041603744282421751e-01,8.452605835702970971e-01,7.817940352809102933e-01,7.947228505035546231e-01,6.025668484637554112e-01,6.705929513848030155e-01,5.964534221550621407e-01,5.538287877243148749e-01,4.932094645978248870e-01,4.951229704064032955e-01,5.177965909570467762e-01,5.181693811039003172e-01,4.644562756149240856e-01,8.190355475280157727e-01,8.646318174867653195e-01,8.890244599784602464e-01,6.525214296710698525e-01,6.565658671987901762e-01,6.814541245898788624e-01,7.103636915115680850e-01,7.703001526843582525e-01,3.064176828375256845e-01,3.374658146715169282e-01,3.554281021219082293e-01,2.366541932987548114e-01,1.903370239174672074e-01,2.765057042816980726e-01,2.732492197836976500e-01,3.489821773915500192e-01,3.459942620997570328e-01,6.280385186944348330e-01,5.944177805961327055e-01,6.572767591458650305e-01,5.916877238080410217e-01,6.322317671825057328e-01,5.522762115670518668e-01,5.083231744167068245e-01,5.209639215284804781e-01,4.749165445669346619e-01,4.647290554901697401e-01,5.000905547390994688e-01,4.025808550526333018e-01,3.841704166337412962e-01,4.305218997514130841e-01,3.917927787665143047e-01,4.069827701439809875e-01,3.227026740492879853e-01,3.666064542992228947e-01,3.378667099034894372e-01,4.240725003917904523e-01,4.457254356935211881e-01
7.242654822709231333e-01,7.399741225041858161e-01,6.987601302542179038e-01,7.249701953176046487e-01,7.160177456428118425e-01,7.294474380748299236e-01,6.888111694312599731e-01,6.972292731505479457e-01,6.925304174056160500e-01,9.644410227178259465e-01,9.579732273021784872e-01,9.753915988465631237e-01,1.000000000000000000e+00,9.679456318754913191e-01,9.195225573570592337e-01,8.959985731919336560e-01,7.881755612948625478e-01,8.781369510015860635e-01,8.336977057044400174e-01,6.854787396809955968e-01,5.726155989996271067e-01,6.462045428757711152e-01,7.531279959389652889e-01,7.252324674662384840e-01,7.369547860851503041e-01,7.535085662213171220e-01,7.093406473004211232e-01,6.206133146269928735e-01,8.089480321085147363e-01,7.796478022905539706e-01,8.008307613325481578e-01,8.274294054952121558e-01,7.594477146954574653e-01,7.765041658316660378e-01,5.897008576526363566e-01,6.564609673769449261e-01,5.844429114888454180e-01,5.491486734534123393e-01,4.836538650464790035e-01,4.836395561389760234e-01,5.000043171705231826e-01,5.028351334833427444e-01,4.451629863595200076e-01,7.944704459350018233e-01,8.400386686513726664e-01,8.646514554202288094e-01,6.288677561085205259e-01,6.351176110606724379e-01,6.569805451574886046e-01,6.861277798717538845e-01,7.467263361812630507e-01,3.158205555188128288e-01,3.477867953062968587e-01,3.662941032420087284e-01,2.474811583349990629e-01,1.997726126275998215e-01,2.842449916060180160e-01,2.806643474079643097e-01,3.542155758747883576e-01,3.529675004033022701e-01,6.381029604481117667e-01,6.019268055108002446e-01,6.636693470744012835e-01,6.071435021399811394e-01,6.469951813829437626e-01,5.695368105459386321e-01,5.222891624656268439e-01,5.308301066145550973e-01,4.758591563369936051e-01,4.639520077869961900e-01,5.017985360650811799e-01,4.036483976973597176e-01,3.846336703989740036e-01,4.281727912819908166e-01,4.090911043303425698e-01,4.216312013897693944e-01,3.401888093385978529e-01,3.888933683368770433e-01,3.581039988546249608e-01,4.451679446354176450e-01,4.549625323303641000e-01
7.071256531746524798e-01,7.243366249532741108e-01,6.852315775749679982e-01,7.192129088602248199e-01,7.122618637761823912e-01,7.224495002305544311e-01,6.680344045858381818e-01,6.761332260387464821e-01,6.719142319779700667e-01,9.514544416948371719e-01,9.526294754257785824e-01,9.912580013612075636e-01,9.679456318754913191e-01,1.000000000000000000e+00,9.441490976291935233e-01,9.153924582866510562e-01,7.701060199368988668e-01,8.562192054251969164e-01,8.169699978455231548e-01,6.588328313298330574e-01,5.430896015805426469e-01,6.190218049666762479e-01,7.296607600922858650e-01,6.951436572819220672e-01,7.109817321209821461e-01,7.649487887057605517e-01,7.133183590294729370e-01,6.131025084669492475e-01,8.062403199941290399e-01,7.743499255535304382e-01,7.993451963381754677e-01,8.460501048122266443e-01,7.856678012585804893e-01,7.958950404816932389e-01,6.014731947620202135e-01,6.699790168878203556e-01,5.950112129098131808e-01,5.497700224370163369e-01,4.908752490749900277e-01,4.935324665536111599e-01,5.190441812066124427e-01,5.182160563455034952e-01,4.665387042518771565e-01,8.263053183313929795e-01,8.713304475543866001e-01,8.966754943890848928e-01,6.576931392849408864e-01,6.598960636834505511e-01,6.878106799851761988e-01,7.181818605045988679e-01,7.785449054429074423e-01,2.988339940239878034e-01,3.297098123367999678e-01,3.475746689245655663e-01,2.288195812064063306e-01,1.827593239807113745e-01,2.692552854812100271e-01,2.660668611086893787e-01,3.422688967729367038e-01,3.388946095607395792e-01,6.202651177609350697e-01,5.871402321332708230e-01,6.501986574717508738e-01,5.831702689313364996e-01,6.237808931249266831e-01,5.436123858957517818e-01,4.999856119946153310e-01,5.132580269968409770e-01,4.692410052686648569e-01,4.595333036020485817e-01,4.942024290461402014e-01,3.968955491353782783e-01,3.786544130635468575e-01,4.257982738766761255e-01,3.831330311273435374e-01,3.985714299749065770e-01,3.140325050020665865e-01,3.580520664639051942e-01,3.291330387719570982e-01,4.153813412492624035e-01,4.381516265813656386e-01
7.158106658249028253e-01,7.354711734818036861e-01,7.014038877571107111e-01,7.478030236742336800e-01,7.441285815799427716e-01,7.489590531799870110e-01,6.700144812510520076e-01,6.772324753092991978e-01,6.741679220910870018e-01,9.302553529713326608e-01,9.401661391409085189e-01,9.415068103330996863e-01,9.195225573570592337e-01,9.441490976291935233e-01,1.000000000000000000e+00,9.680708621136998593e-01,7.747172473901930978e-01,8.470376534028681847e-01,8.216051094612470962e-01,6.463779588042888324e-01,5.224396965894994027e-01,6.055710141707926208e-01,7.239288361393041438e-01,6.705582995501699894e-01,6.993764978892017536e-01,8.149255337186557258e-01,7.558512516991362507e-01,6.409271550497166459e-01,8.362827882090841936e-01,8.018221050518115067e-01,8.316664924413786908e-01,9.006300547425157843e-01,8.399046740915884213e-01,8.511944743881542097e-01,6.529662951064290066e-01,7.225055783550033972e-01,6.455426791052601976e-01,5.899110483198355404e-01,5.387572035066159337e-01,5.438408443961040284e-01,5.745855595697426654e-01,5.723049348884992060e-01,5.223895923184114221e-01,8.625421728765189089e-01,9.107667789538242964e-01,9.234598104380196126e-01,7.085873031328300264e-01,7.150396920448331972e-01,7.330778378522664340e-01,7.506721058440900540e-01,8.034469296165004382e-01,3.124053816931270378e-01,3.409297920404589233e-01,3.573686037396232029e-01,2.392681338149604819e-01,1.967318570849547754e-01,2.868080333084436218e-01,2.843635486784630295e-01,3.649675076602392210e-01,3.578275600738725082e-01,6.293612493290020593e-01,6.027066048694399436e-01,6.672113989095062037e-01,5.789759014714892515e-01,6.209060991181218903e-01,5.346679153767325277e-01,5.007443308710792795e-01,5.242278175850967337e-01,4.998496348152207114e-01,4.934604050353496030e-01,5.231182370199605192e-01,4.277302493996355537e-01,4.107402430541874372e-01,4.627603574985980073e-01,3.752494598999152053e-01,3.982496809873330434e-01,3.059096578777122932e-01,3.323776723400514443e-01,3.117796717037610854e-01,3.944449056213725768e-01,4.512725593093259713e-01
7.331159683746322209e-01,7.537324329892366448e-01,7.225939966634234990e-01,7.741226643809767660e-01,7.718124352034444469e-01,7.743727261465265244e-01,6.844283349981262754e-01,6.910978386273716190e-01,6.886776114250421355e-01,9.165239662531187159e-01,9.276084012318593919e-01,9.146724372073088416e-01,8.959985731919336560e-01,9.153924582866510562e-01,9.680708621136998593e-01,1.000000000000000000e+00,7.887736497164534732e-01,8.504636114416802561e-01,8.341777625491955117e-01,6.531629942085588336e-01,5.254398236765076557e-01,6.121880699377441060e-01,7.334028526490843358e-01,6.698940356557272491e-01,7.059587973922178961e-01,8.468310603330684305e-01,7.869348184539360913e-01,6.676488898007794104e-01,8.618800474929573241e-01,8.269306144028303329e-01,8.584410046300529062e-01,9.305666620264624322e-01,8.591747204854078834e-01,8.800151282746762060e-01,6.845832320053381048e-01,7.538418871701367818e-01,6.773339305218273321e-01,6.207310811526941530e-01,5.706846123316219321e-01,5.756432614741467946e-01,6.031063378658021445e-01,6.027615001382196080e-01,5.491160359831008808e-01,8.588473969095720140e-01,9.058374105293295342e-01,9.072368470245332217e-01,7.238533762866374843e-01,7.378429683901390757e-01,7.414952100508144239e-01,7.477291723651683375e-01,7.940283894560716815e-01,3.341750614650250695e-01,3.615826404477351375e-01,3.773263767385899303e-01,2.597681504232715044e-01,2.188679154941316485e-01,3.103395239787555271e-01,3.082090901382608106e-01,3.904574849188079400e-01,3.818105133872184975e-01,6.477863600227540264e-01,6.243950044273912647e-01,6.891185748546453382e-01,5.909429842677338396e-01,6.332421901254645658e-01,5.443427109143439413e-01,5.157806473673862691e-01,5.441824045633573137e-01,5.280075522225329276e-01,5.227082600566145265e-01,5.506330483742319926e-01,4.560811870606702456e-01,4.395204523582212364e-01,4.929178292007443396e-01,3.862274316960261356e-01,4.131442493325543364e-01,3.169650129806858008e-01,3.330811840174544569e-01,3.176058993768284822e-01,3.978700306072205928e-01,4.724965316210660848e-01
9.358720643371998271e-01,9.481829177213834114e-01,9.029366707298540629e-01,8.823448828200642913e-01,8.636730916779936651e-01,8.931612070409871151e-01,8.952714284544865952e-01,9.022577566285340245e-01,8.994427189119842403e-01,8.183938201804722423e-01,8.169011724172139388e-01,7.779922848441372940e-01,7.881755612948625478e-01,7.701060199368988668e-01,7.747172473901930978e-01,7.887736497164534732e-01,1.000000000000000000e+00,9.078906284669021609e-01,9.526761275432610310e-01,8.519739112441951923e-01,7.170552479616081332e-01,8.125282526200269251e-01,9.348863327597527473e-01,8.311217494746727663e-01,8.987518909875024109e-01,7.853231595623868522e-01,8.088686012402732661e-01,8.066482750670507240e-01,8.913686062871634119e-01,9.046999749386842593e-01,8.834995601748739658e-01,7.750996051348160165e-01,6.852226658268183446e-01,7.458705628956237010e-01,6.651171781510496483e-01,7.064248579021944474e-01,6.690260903734726039e-01,7.005031387671379894e-01,6.020939560389881873e-01,5.849171384921751926e-01,5.330476869564388931e-01,5.637772485183825122e-01,4.638775094982168223e-01,6.486998548604983039e-01,6.947420872416322224e-01,6.989021887918803744e-01,5.539502867510008866e-01,6.008588278940277805e-01,5.508049539873057787e-01,5.396333332619732692e-01,5.828131691925835245e-01,5.276447918318054597e-01,5.593427871684817365e-01,5.774341113153242944e-01,4.586528313728014394e-01,4.115934626694779386e-01,4.953182994043771048e-01,4.914175943158681781e-01,5.610527435969048238e-01,5.630530472873084280e-01,8.498606613461415771e-01,8.117811117961355460e-01,8.694892709072878922e-01,8.018063320828938689e-01,8.442106787415316616e-01,7.530078774952142506e-01,7.260264247272791849e-01,7.426152264952211590e-01,6.657306596770554696e-01,6.454728755907804816e-01,6.944399769468216910e-01,5.958784644488622773e-01,5.745446899801112117e-01,6.021714230567263293e-01,5.968278743217123594e-01,6.235080832623559610e-01,5.276894347976212041e-01,5.215520480257187508e-01,5.209466307554155851e-01,5.940842832524773076e-01,6.667682170708060241e-01
8.438531111148958042e-01,8.571508769429159180e-01,8.132081888720262830e-01,8.186057697179948134e-01,8.041884985017799803e-01,8.264395907780817119e-01,8.106708507073001613e-01,8.190579712601194773e-01,8.143932561329648712e-01,9.044786229486475593e-01,9.000860059887254572e-01,8.646538828952264888e-01,8.781369510015860635e-01,8.562192054251969164e-01,8.470376534028681847e-01,8.504636114416802561e-01,9.078906284669021609e-01,1.000000000000000000e+00,9.478431688792493537e-01,7.990500528310764405e-01,6.745979716301586659e-01,7.583672066757782826e-01,8.733456094507648926e-01,8.187436026072583140e-01,8.519825923138322210e-01,7.816491780026305625e-01,7.718409661974763303e-01,7.240602468090173716e-01,8.793569291637576280e-01,8.655428949810403116e-01,8.687456776008160020e-01,8.108764638460060903e-01,7.210195908614631666e-01,7.678830703248891165e-01,6.319147128655748791e-01,6.872398315919958645e-01,6.316329487574471324e-01,6.323076044170683474e-01,5.471635010753901351e-01,5.374766186575535842e-01,5.152961535043724117e-01,5.342074469224300515e-01,4.510196366928100886e-01,7.111887245593653262e-01,7.593231306945499304e-01,7.710642241023912824e-01,5.840937519043952753e-01,6.150828009491779991e-01,5.940338656536309214e-01,5.993021748104221391e-01,6.504894253985101793e-01,4.365823168538196519e-01,4.691491428467177149e-01,4.879075562142205502e-01,3.691115107447281440e-01,3.206338085009400318e-01,4.033630052208195815e-01,3.993821441094581592e-01,4.693332056340510094e-01,4.709455799688109234e-01,7.589175729200923204e-01,7.197110539634808957e-01,7.787218690422971212e-01,7.268311201373327535e-01,7.675612115815346748e-01,6.857522864565994691e-01,6.435630922399023790e-01,6.517194458680455327e-01,5.799755519838172280e-01,5.630134838230884675e-01,6.077493481749932647e-01,5.088661997236110235e-01,4.883251145058842280e-01,5.225388101802415086e-01,5.255332879142280422e-01,5.423277404657629308e-01,4.562718103024463456e-01,4.826162814438779147e-01,4.647388318450956790e-01,5.467803003817202079e-01,5.754298532111281617e-01
8.901046297105000837e-01,9.062425035666440420e-01,8.638590861612853722e-01,8.687860099624905574e-01,8.531330801786776163e-01,8.773189592947914228e-01,8.483026852917940897e-01,8.556209353090747927e-01,8.524159491620191265e-01,8.650118547949600112e-01,8.639754159818648915e-01,8.247195052445374097e-01,8.336977057044400174e-01,8.169699978455231548e-01,8.216051094612470962e-01,8.341777625491955117e-01,9.526761275432610310e-01,9.478431688792493537e-01,1.000000000000000000e+00,8.155271105299506385e-01,6.829960628563382929e-01,7.748193300740469081e-01,8.980571166800606075e-01,8.126953215740762015e-01,8.668384809107114730e-01,8.072793656618217906e-01,8.127465081644285050e-01,7.762137804788951101e-01,9.137936433512867662e-01,9.106220164447278442e-01,9.036965926152104034e-01,8.133128933770943370e-01,7.222299442896891186e-01,7.784781736121419993e-01,6.695527449568559053e-01,7.190868895827160490e-01,6.710200629161203745e-01,6.820976480029146138e-01,5.927286439911587657e-01,5.803196877694986044e-01,5.452360151360228224e-01,5.696946711676489361e-01,4.783133743773387847e-01,6.933232353891752853e-01,7.400170329921389456e-01,7.454995605994578778e-01,5.879958388135880787e-01,6.287100694491584152e-01,5.895238603015365841e-01,5.832222218938505343e-01,6.283537863722077343e-01,4.815839432492668992e-01,5.127344191531000295e-01,5.305628348501429947e-01,4.118298363943546647e-01,3.655019414190259219e-01,4.505469432226738569e-01,4.469402615194032480e-01,5.191731970153337095e-01,5.191222353126825340e-01,8.032951192468548163e-01,7.681423655098765790e-01,8.289791349163071477e-01,7.566354429938725312e-01,7.988330695473139231e-01,7.099228248956794829e-01,6.790128401456192453e-01,6.962426776316503751e-01,6.320922476703413340e-01,6.151119831456077769e-01,6.597773543696028309e-01,5.608958071451761729e-01,5.404316888616765846e-01,5.743557069760665268e-01,5.520406166320621644e-01,5.765921144434539292e-01,4.827658306435604896e-01,4.878473881132139311e-01,4.807343856541679283e-01,5.573634434226597545e-01,6.208553685952912238e-01
